 ***************************************
 PARAMETERS
 ***************************************
 1  C= 0.00000000
 2  C= 0.00000000
 3  C= 10.0000000
 4  C= 9.80599976
 5  C= 2500000.00
 6  C= 1004.50000
 7  C= 0.607999980
 8  C= 0.494949490
 9  C= 3.36700323E-05
 10  C= 1.16000700
 11  C= 100.000000
 12  C= 100.000000
 13  C= 150.000000
 14  C= 75.0000000
 15  C= 15000.0000
 16  C= 0.00000000
 17  C= 5.00000000
 18  C= 0.400000006
 19  C= 75.0000000
 20  C= 0.00000000
 21  C= 100750.000
 22  C= 1.00213742
 23  C= 3.14159274
 24  C= 1.99999995E-04
 25  C= 0.00000000
 26  C= 0.00000000
 27  C= 0.00000000
 28  C= 0.00000000
 29  C= 0.00000000
 30  C= 302.756012
 31  C= 1.00000000
 32  C= 0.00000000
 33  C= 0.00000000
 34  C= 0.00000000
 35  C= 0.00000000
 36  C= 333600.000
 37  C= 0.00000000
 38  C= 0.00000000
 39  C= 0.00000000
 40  C= 2.77777785E-04
 41  C= 0.00000000
 42  C= 1.15740741E-05
 43  C= 0.00000000
 44  C= 0.00000000
 45  C= 0.00000000
 46  C= 0.00000000
 47  C= 0.00000000
 48  C= 0.00000000
 49  C= 0.00000000
 50  C= 0.00000000
 51  C= 0.00000000
 52  C= 0.00000000
 53  C= 0.00000000
 54  C= 0.00000000
 55  C= 0.00000000
 56  C= 0.00000000
 57  C= 0.00000000
 58  C= 0.00000000
 59  C= 0.00000000
 60  C= 0.00000000
 61  C= 0.500000000
 62  C= 300.000000
 63  C= 0.00000000
 64  C= 100.000000
 65  C= 0.00000000
 66  C= 0.00000000
 67  C= 0.00000000
 68  C= 0.00000000
 69  C= 0.00000000
 70  C= 1.00000000
 71  C= 0.00000000
 72  C= 7200.00000
 73  C= 0.00000000
 74  C= 0.00000000
 75  C= 0.00000000
 76  C= 0.00000000
 77  C= 0.00000000
 78  C= 0.00000000
 79  C= 0.00000000
 80  C= 0.00000000
 1  IC= 86401
 2  IC= 0
 3  IC= 0
 4  IC= 0
 5  IC= 0
 6  IC= 0
 7  IC= 60
 8  IC= 360
 9  IC= 360
 10  IC= 0
 11  IC= 0
 12  IC= 0
 13  IC= 0
 14  IC= 3182073
 15  IC= 1
 16  IC= 0
 17  IC= 0
 18  IC= 360
 19  IC= 86400
 20  IC= 0
 21  IC= 0
 22  IC= 0
 23  IC= 6
 24  IC= 0
 25  IC= 1
 26  IC= 60
 27  IC= 180
 28  IC= 0
 29  IC= 0
 30  IC= 0
 31  IC= 0
 32  IC= 0
 33  IC= 0
 34  IC= 0
 35  IC= 0
 36  IC= 0
 37  IC= 0
 38  IC= 0
 39  IC= 0
 40  IC= 0
 41  IC= 0
 42  IC= 0
 43  IC= 0
 44  IC= 60
 45  IC= 0
 46  IC= 0
 47  IC= 0
 48  IC= 0
 49  IC= 0
 50  IC= 0
 51  IC= 999999
 52  IC= 1
 53  IC= 999999
 54  IC= 999999
 55  IC= 999999
 56  IC= 999999
 57  IC= 999999
 58  IC= 999999
 59  IC= 999999
 60  IC= 999999
 1  LC= F
 2  LC= F
 3  LC= F
 4  LC= F
 5  LC= F
 6  LC= F
 7  LC= F
 8  LC= F
 9  LC= F
 10  LC= F
 11  LC= F
 12  LC= F
 13  LC= F
 14  LC= F
 15  LC= F
 16  LC= F
 17  LC= F
 18  LC= F
 19  LC= F
 20  LC= T
 21  LC= F
 22  LC= F
 23  LC= F
 24  LC= F
 25  LC= F
 26  LC= F
 27  LC= F
 28  LC= F
 29  LC= F
 30  LC= T
 31  LC= F
 32  LC= F
 33  LC= F
 34  LC= F
 35  LC= F
 36  LC= F
 37  LC= F
 38  LC= F
 39  LC= F
 40  LC= F
 ***************************************
 I.C.
 ***************************************
 K, ZZ(K),ZT(K),FNZ(K),FNT(K)
 =======================================
  1       0.000       0.000       2.020       2.020
  2      75.000      37.311       1.980       2.000
  3     151.515     113.068       1.941       1.960
  4     229.545     190.341       1.904       1.922
  5     309.091     269.129       1.868       1.886
  6     390.152     349.432       1.833       1.850
  7     472.727     431.250       1.800       1.817
  8     556.818     514.583       1.768       1.784
  9     642.424     599.432       1.737       1.752
 10     729.545     685.795       1.707       1.722
 11     818.182     773.674       1.678       1.692
 12     908.333     863.068       1.650       1.664
 13    1000.000     953.977       1.623       1.636
 14    1093.182    1046.401       1.597       1.610
 15    1187.879    1140.341       1.571       1.584
 16    1284.091    1235.795       1.547       1.559
 17    1381.818    1332.765       1.523       1.535
 18    1481.061    1431.250       1.500       1.511
 19    1581.818    1531.250       1.478       1.489
 20    1684.091    1632.765       1.456       1.467
 21    1787.879    1735.795       1.435       1.445
 22    1893.182    1840.341       1.414       1.424
 23    2000.000    1946.401       1.394       1.404
 24    2108.333    2053.977       1.375       1.385
 25    2218.182    2163.068       1.356       1.366
 26    2329.545    2273.674       1.338       1.347
 27    2442.424    2385.795       1.320       1.329
 28    2556.818    2499.432       1.303       1.311
 29    2672.727    2614.583       1.286       1.294
 30    2790.152    2731.250       1.269       1.277
 31    2909.091    2849.432       1.253       1.261
 32    3029.545    2969.129       1.237       1.245
 33    3151.515    3090.341       1.222       1.230
 34    3275.000    3213.068       1.207       1.215
 35    3400.000    3337.311       1.193       1.200
 36    3526.515    3463.068       1.179       1.186
 37    3654.545    3590.341       1.165       1.172
 38    3784.091    3719.129       1.151       1.158
 39    3915.152    3849.432       1.138       1.145
 40    4047.727    3981.250       1.125       1.131
 41    4181.818    4114.583       1.112       1.119
 42    4317.424    4249.432       1.100       1.106
 43    4454.545    4385.795       1.088       1.094
 44    4593.182    4523.674       1.076       1.082
 45    4733.333    4663.068       1.065       1.070
 46    4875.000    4803.977       1.053       1.059
 47    5018.182    4946.401       1.042       1.048
 48    5162.879    5090.341       1.031       1.037
 49    5309.091    5235.795       1.021       1.026
 50    5456.818    5382.765       1.010       1.015
 51    5606.061    5531.250       1.000       1.005
 52    5756.818    5681.250       0.990       0.995
 53    5909.091    5832.765       0.980       0.985
 54    6062.879    5985.795       0.971       0.975
 55    6218.182    6140.341       0.961       0.966
 56    6375.000    6296.401       0.952       0.957
 57    6533.333    6453.977       0.943       0.947
 58    6693.182    6613.068       0.934       0.938
 59    6854.545    6773.674       0.925       0.930
 60    7017.424    6935.795       0.917       0.921
 61    7181.818    7099.432       0.908       0.912
 62    7347.727    7264.583       0.900       0.904
 63    7515.151    7431.250       0.892       0.896
 64    7684.091    7599.432       0.884       0.888
 65    7854.545    7769.129       0.876       0.880
 66    8026.515    7940.341       0.868       0.872
 67    8200.000    8113.068       0.861       0.865
 68    8375.000    8287.311       0.853       0.857
 69    8551.516    8463.068       0.846       0.850
 70    8729.546    8640.341       0.839       0.843
 71    8909.091    8819.129       0.832       0.835
 72    9090.151    8999.432       0.825       0.828
 73    9272.728    9181.250       0.818       0.822
 74    9456.818    9364.583       0.811       0.815
 75    9642.424    9549.432       0.805       0.808
 76    9829.546    9735.796       0.798       0.802
 77   10018.182    9923.674       0.792       0.795
 78   10208.333   10113.068       0.786       0.789
 79   10400.000   10303.978       0.780       0.783
 80   10593.182   10496.401       0.773       0.776
 81   10787.879   10690.341       0.767       0.770
 82   10984.091   10885.796       0.762       0.764
 83   11181.818   11082.766       0.756       0.759
 84   11381.061   11281.250       0.750       0.753
 85   11581.818   11481.250       0.744       0.747
 86   11784.091   11682.766       0.739       0.742
 87   11987.879   11885.796       0.733       0.736
 88   12193.182   12090.341       0.728       0.731
 89   12400.000   12296.401       0.723       0.725
 90   12608.333   12503.978       0.717       0.720
 91   12818.182   12713.068       0.712       0.715
 92   13029.546   12923.674       0.707       0.710
 93   13242.424   13135.796       0.702       0.705
 94   13456.818   13349.432       0.697       0.700
 95   13672.728   13564.583       0.692       0.695
 96   13890.151   13781.250       0.688       0.690
 97   14109.091   13999.432       0.683       0.685
 98   14329.546   14219.129       0.678       0.680
 99   14551.516   14440.341       0.673       0.676
100   14775.000   14663.068       0.669       0.671
101   15000.000   14887.311       0.664       0.667
102   15226.516   15113.068       0.660       0.662
103   15454.546   15340.341       0.656       0.658
104   15684.091   15569.129       0.651       0.653
105   15915.151   15799.432       0.647       0.649
106   16147.728   16031.250       0.643       0.645
107   16381.818   16264.583       0.639       0.641
108   16617.424   16499.432       0.635       0.637
109   16854.545   16735.795       0.631       0.633
110   17093.182   16973.674       0.627       0.629
111   17333.334   17213.068       0.623       0.625
112   17575.000   17453.977       0.619       0.621
113   17818.182   17696.402       0.615       0.617
114   18062.879   17940.342       0.611       0.613
115   18309.092   18185.795       0.607       0.609
116   18556.818   18432.766       0.604       0.606
117   18806.061   18681.250       0.600       0.602
118   19056.818   18931.250       0.596       0.598
119   19309.092   19182.766       0.593       0.595
120   19562.879   19435.795       0.589       0.591
121   19818.182   19690.342       0.586       0.588
 ============================================
 K, RHO(K),THBAR(K),PBAR(K),PIBAR(K),QVBAR(K)
 ============================================
  1       1.149     301.577  100750.000       1.002   0.174E-01
  2       1.146     301.653  100330.180       1.001   0.171E-01
  3       1.139     301.761   99481.719       0.999   0.168E-01
  4       1.131     301.839   98621.711       0.996   0.166E-01
  5       1.124     301.918   97750.453       0.994   0.165E-01
  6       1.116     302.152   96868.344       0.991   0.158E-01
  7       1.108     302.453   95975.859       0.988   0.150E-01
  8       1.100     302.760   95073.367       0.986   0.142E-01
  9       1.092     303.105   94161.289       0.983   0.136E-01
 10       1.083     303.459   93240.094       0.980   0.130E-01
 11       1.075     303.818   92310.133       0.977   0.125E-01
 12       1.066     304.173   91371.797       0.975   0.121E-01
 13       1.057     304.536   90425.469       0.972   0.117E-01
 14       1.048     304.947   89471.523       0.969   0.112E-01
 15       1.039     305.400   88510.336       0.966   0.105E-01
 16       1.030     305.862   87542.289       0.963   0.987E-02
 17       1.020     306.342   86567.797       0.960   0.940E-02
 18       1.010     306.831   85587.305       0.957   0.893E-02
 19       1.001     307.373   84601.219       0.953   0.839E-02
 20       0.991     307.989   83610.023       0.950   0.773E-02
 21       0.981     308.616   82614.141       0.947   0.706E-02
 22       0.971     309.150   81613.859       0.944   0.666E-02
 23       0.961     309.680   80609.445       0.940   0.630E-02
 24       0.951     310.197   79601.211       0.937   0.594E-02
 25       0.941     310.686   78589.414       0.933   0.558E-02
 26       0.931     311.183   77574.359       0.930   0.521E-02
 27       0.921     311.661   76556.367       0.927   0.487E-02
 28       0.911     312.144   75535.742       0.923   0.452E-02
 29       0.901     312.648   74512.867       0.919   0.421E-02
 30       0.891     313.172   73488.172       0.916   0.395E-02
 31       0.880     313.705   72462.031       0.912   0.370E-02
 32       0.870     314.223   71434.844       0.908   0.372E-02
 33       0.860     314.748   70407.008       0.905   0.373E-02
 34       0.849     315.233   69378.758       0.901   0.369E-02
 35       0.839     315.693   68350.289       0.897   0.362E-02
 36       0.829     316.155   67321.859       0.893   0.355E-02
 37       0.819     316.604   66293.789       0.889   0.350E-02
 38       0.808     317.060   65266.371       0.885   0.346E-02
 39       0.798     317.562   64239.973       0.881   0.330E-02
 40       0.788     318.085   63214.961       0.877   0.311E-02
 41       0.777     318.626   62191.691       0.873   0.292E-02
 42       0.767     319.197   61170.547       0.869   0.276E-02
 43       0.757     319.777   60151.891       0.865   0.259E-02
 44       0.746     320.381   59136.059       0.861   0.242E-02
 45       0.736     320.997   58123.391       0.856   0.224E-02
 46       0.725     321.627   57114.211       0.852   0.209E-02
 47       0.715     322.272   56108.867       0.848   0.199E-02
 48       0.704     322.927   55107.684       0.843   0.188E-02
 49       0.694     323.576   54110.910       0.839   0.174E-02
 50       0.683     324.234   53118.812       0.835   0.159E-02
 51       0.673     324.882   52131.633       0.830   0.144E-02
 52       0.663     325.507   51149.578       0.826   0.128E-02
 53       0.652     326.142   50172.871       0.821   0.111E-02
 54       0.642     326.768   49201.773       0.817   0.996E-03
 55       0.632     327.400   48236.547       0.812   0.888E-03
 56       0.622     328.026   47277.430       0.807   0.792E-03
 57       0.612     328.610   46324.602       0.803   0.734E-03
 58       0.602     329.203   45378.258       0.798   0.676E-03
 59       0.592     329.776   44438.613       0.793   0.631E-03
 60       0.582     330.337   43505.852       0.788   0.594E-03
 61       0.572     330.906   42580.188       0.784   0.557E-03
 62       0.562     331.433   41661.793       0.779   0.502E-03
 63       0.553     331.964   40750.816       0.774   0.446E-03
 64       0.543     332.490   39847.469       0.769   0.393E-03
 65       0.533     332.965   38951.887       0.764   0.363E-03
 66       0.524     333.448   38064.223       0.759   0.331E-03
 67       0.515     333.909   37184.660       0.754   0.302E-03
 68       0.505     334.327   36313.309       0.749   0.278E-03
 69       0.496     334.751   35450.320       0.744   0.253E-03
 70       0.487     335.140   34595.852       0.738   0.232E-03
 71       0.478     335.488   33749.996       0.733   0.215E-03
 72       0.469     335.841   32912.895       0.728   0.197E-03
 73       0.460     336.161   32084.695       0.723   0.182E-03
 74       0.451     336.446   31265.502       0.717   0.170E-03
 75       0.443     336.736   30455.453       0.712   0.157E-03
 76       0.434     337.018   29654.721       0.707   0.144E-03
 77       0.425     337.289   28863.453       0.701   0.132E-03
 78       0.417     337.565   28081.805       0.696   0.120E-03
 79       0.408     337.844   27309.945       0.690   0.107E-03
 80       0.400     338.125   26548.035       0.685   0.938E-04
 81       0.391     338.410   25796.229       0.679   0.803E-04
 82       0.383     338.701   25054.678       0.673   0.667E-04
 83       0.374     338.979   24323.512       0.668   0.588E-04
 84       0.366     339.261   23602.854       0.662   0.513E-04
 85       0.358     339.547   22892.838       0.656   0.437E-04
 86       0.350     339.836   22193.588       0.650   0.370E-04
 87       0.342     340.127   21505.221       0.645   0.315E-04
 88       0.334     340.422   20827.852       0.639   0.259E-04
 89       0.326     340.723   20161.588       0.633   0.202E-04
 90       0.318     341.227   19506.721       0.627   0.173E-04
 91       0.310     341.806   18863.584       0.621   0.153E-04
 92       0.302     342.395   18232.311       0.615   0.132E-04
 93       0.294     342.994   17612.955       0.609   0.111E-04
 94       0.286     343.983   17005.898       0.603   0.957E-05
 95       0.278     345.077   16411.570       0.597   0.811E-05
 96       0.270     346.189   15830.036       0.591   0.663E-05
 97       0.262     347.322   15261.284       0.584   0.514E-05
 98       0.254     349.039   14705.732       0.578   0.440E-05
 99       0.246     351.292   14164.141       0.572   0.433E-05
100       0.237     353.585   13636.763       0.566   0.425E-05
101       0.229     355.918   13123.440       0.560   0.418E-05
102       0.222     358.294   12624.012       0.554   0.410E-05
103       0.214     361.392   12138.759       0.547   0.368E-05
104       0.206     364.782   11668.058       0.541   0.313E-05
105       0.198     368.233   11211.790       0.535   0.258E-05
106       0.191     371.746   10769.675       0.529   0.202E-05
107       0.184     375.324   10341.432       0.523   0.146E-05
108       0.177     379.053    9926.825       0.517   0.100E-05
109       0.170     383.256    9525.822       0.511   0.100E-05
110       0.163     387.535    9138.314       0.505   0.100E-05
111       0.156     391.894    8763.972       0.499   0.100E-05
112       0.150     396.333    8402.467       0.493   0.100E-05
113       0.144     400.855    8053.474       0.487   0.100E-05
114       0.138     405.460    7716.672       0.481   0.100E-05
115       0.132     410.085    7391.718       0.475   0.100E-05
116       0.127     414.663    7078.226       0.469   0.100E-05
117       0.121     419.327    6775.847       0.463   0.100E-05
118       0.116     424.078    6484.290       0.458   0.100E-05
119       0.112     428.919    6203.265       0.452   0.100E-05
120       0.107     433.851    5932.488       0.446   0.100E-05
121       0.102     438.877    5671.677       0.440   0.100E-05
 ============================================
 K,UG(K),Q1LS(K),Q2LS(K)
 ============================================
  1       0.000       0.000   0.000E+00   0.000E+00
  2       0.000       0.000  -0.693E-01  -0.710E+00
  3       0.000       0.000  -0.701E-01  -0.771E+00
  4       0.000       0.000  -0.414E-01  -0.735E+00
  5       0.000       0.000  -0.123E-01  -0.698E+00
  6       0.000       0.000  -0.478E-02  -0.681E+00
  7       0.000       0.000  -0.593E-02  -0.672E+00
  8       0.000       0.000  -0.709E-02  -0.663E+00
  9       0.000       0.000   0.695E-01  -0.641E+00
 10       0.000       0.000   0.154E+00  -0.617E+00
 11       0.000       0.000   0.249E+00  -0.698E+00
 12       0.000       0.000   0.383E+00  -0.119E+01
 13       0.000       0.000   0.519E+00  -0.169E+01
 14       0.000       0.000   0.680E+00  -0.209E+01
 15       0.000       0.000   0.862E+00  -0.242E+01
 16       0.000       0.000   0.104E+01  -0.275E+01
 17       0.000       0.000   0.118E+01  -0.346E+01
 18       0.000       0.000   0.132E+01  -0.418E+01
 19       0.000       0.000   0.142E+01  -0.452E+01
 20       0.000       0.000   0.148E+01  -0.430E+01
 21       0.000       0.000   0.154E+01  -0.407E+01
 22       0.000       0.000   0.141E+01  -0.428E+01
 23       0.000       0.000   0.126E+01  -0.456E+01
 24       0.000       0.000   0.112E+01  -0.432E+01
 25       0.000       0.000   0.999E+00  -0.329E+01
 26       0.000       0.000   0.882E+00  -0.226E+01
 27       0.000       0.000   0.844E+00  -0.182E+01
 28       0.000       0.000   0.811E+00  -0.142E+01
 29       0.000       0.000   0.786E+00  -0.115E+01
 30       0.000       0.000   0.770E+00  -0.102E+01
 31       0.000       0.000   0.752E+00  -0.901E+00
 32       0.000       0.000   0.714E+00  -0.998E+00
 33       0.000       0.000   0.676E+00  -0.109E+01
 34       0.000       0.000   0.669E+00  -0.112E+01
 35       0.000       0.000   0.682E+00  -0.109E+01
 36       0.000       0.000   0.706E+00  -0.108E+01
 37       0.000       0.000   0.781E+00  -0.115E+01
 38       0.000       0.000   0.856E+00  -0.121E+01
 39       0.000       0.000   0.955E+00  -0.125E+01
 40       0.000       0.000   0.106E+01  -0.129E+01
 41       0.000       0.000   0.117E+01  -0.127E+01
 42       0.000       0.000   0.126E+01  -0.111E+01
 43       0.000       0.000   0.136E+01  -0.945E+00
 44       0.000       0.000   0.147E+01  -0.654E+00
 45       0.000       0.000   0.157E+01  -0.340E+00
 46       0.000       0.000   0.166E+01  -0.195E+00
 47       0.000       0.000   0.173E+01  -0.321E+00
 48       0.000       0.000   0.180E+01  -0.446E+00
 49       0.000       0.000   0.180E+01  -0.609E+00
 50       0.000       0.000   0.180E+01  -0.776E+00
 51       0.000       0.000   0.180E+01  -0.893E+00
 52       0.000       0.000   0.180E+01  -0.926E+00
 53       0.000       0.000   0.180E+01  -0.959E+00
 54       0.000       0.000   0.182E+01  -0.853E+00
 55       0.000       0.000   0.185E+01  -0.718E+00
 56       0.000       0.000   0.187E+01  -0.608E+00
 57       0.000       0.000   0.185E+01  -0.578E+00
 58       0.000       0.000   0.184E+01  -0.549E+00
 59       0.000       0.000   0.180E+01  -0.560E+00
 60       0.000       0.000   0.174E+01  -0.598E+00
 61       0.000       0.000   0.169E+01  -0.636E+00
 62       0.000       0.000   0.165E+01  -0.674E+00
 63       0.000       0.000   0.161E+01  -0.710E+00
 64       0.000       0.000   0.157E+01  -0.729E+00
 65       0.000       0.000   0.153E+01  -0.657E+00
 66       0.000       0.000   0.149E+01  -0.586E+00
 67       0.000       0.000   0.145E+01  -0.513E+00
 68       0.000       0.000   0.138E+01  -0.436E+00
 69       0.000       0.000   0.132E+01  -0.359E+00
 70       0.000       0.000   0.125E+01  -0.307E+00
 71       0.000       0.000   0.117E+01  -0.281E+00
 72       0.000       0.000   0.110E+01  -0.254E+00
 73       0.000       0.000   0.103E+01  -0.223E+00
 74       0.000       0.000   0.974E+00  -0.185E+00
 75       0.000       0.000   0.918E+00  -0.148E+00
 76       0.000       0.000   0.869E+00  -0.119E+00
 77       0.000       0.000   0.829E+00  -0.101E+00
 78       0.000       0.000   0.790E+00  -0.835E-01
 79       0.000       0.000   0.753E+00  -0.686E-01
 80       0.000       0.000   0.723E+00  -0.621E-01
 81       0.000       0.000   0.693E+00  -0.556E-01
 82       0.000       0.000   0.664E+00  -0.493E-01
 83       0.000       0.000   0.644E+00  -0.379E-01
 84       0.000       0.000   0.625E+00  -0.263E-01
 85       0.000       0.000   0.606E+00  -0.148E-01
 86       0.000       0.000   0.594E+00  -0.786E-02
 87       0.000       0.000   0.590E+00  -0.654E-02
 88       0.000       0.000   0.586E+00  -0.525E-02
 89       0.000       0.000   0.582E+00  -0.397E-02
 90       0.000       0.000   0.553E+00  -0.420E-02
 91       0.000       0.000   0.517E+00  -0.490E-02
 92       0.000       0.000   0.481E+00  -0.558E-02
 93       0.000       0.000   0.446E+00  -0.625E-02
 94       0.000       0.000   0.361E+00  -0.645E-02
 95       0.000       0.000   0.268E+00  -0.654E-02
 96       0.000       0.000   0.176E+00  -0.662E-02
 97       0.000       0.000   0.857E-01  -0.670E-02
 98       0.000       0.000   0.255E-01  -0.585E-02
 99       0.000       0.000  -0.929E-02  -0.421E-02
100       0.000       0.000  -0.432E-01  -0.261E-02
101       0.000       0.000  -0.761E-01  -0.106E-02
102       0.000       0.000   0.000E+00   0.000E+00
103       0.000       0.000   0.000E+00   0.000E+00
104       0.000       0.000   0.000E+00   0.000E+00
105       0.000       0.000   0.000E+00   0.000E+00
106       0.000       0.000   0.000E+00   0.000E+00
107       0.000       0.000   0.000E+00   0.000E+00
108       0.000       0.000   0.000E+00   0.000E+00
109       0.000       0.000   0.000E+00   0.000E+00
110       0.000       0.000   0.000E+00   0.000E+00
111       0.000       0.000   0.000E+00   0.000E+00
112       0.000       0.000   0.000E+00   0.000E+00
113       0.000       0.000   0.000E+00   0.000E+00
114       0.000       0.000   0.000E+00   0.000E+00
115       0.000       0.000   0.000E+00   0.000E+00
116       0.000       0.000   0.000E+00   0.000E+00
117       0.000       0.000   0.000E+00   0.000E+00
118       0.000       0.000   0.000E+00   0.000E+00
119       0.000       0.000   0.000E+00   0.000E+00
120       0.000       0.000   0.000E+00   0.000E+00
121       0.000       0.000   0.000E+00   0.000E+00
 ============================================
 K, RHOZ(K)
 ============================================
  1       1.149
  2       1.142
  3       1.135
  4       1.128
  5       1.120
  6       1.112
  7       1.104
  8       1.096
  9       1.088
 10       1.079
 11       1.070
 12       1.062
 13       1.053
 14       1.043
 15       1.034
 16       1.025
 17       1.015
 18       1.006
 19       0.996
 20       0.986
 21       0.976
 22       0.966
 23       0.956
 24       0.946
 25       0.936
 26       0.926
 27       0.916
 28       0.906
 29       0.896
 30       0.885
 31       0.875
 32       0.865
 33       0.854
 34       0.844
 35       0.834
 36       0.824
 37       0.814
 38       0.803
 39       0.793
 40       0.783
 41       0.772
 42       0.762
 43       0.751
 44       0.741
 45       0.730
 46       0.720
 47       0.709
 48       0.699
 49       0.688
 50       0.678
 51       0.668
 52       0.657
 53       0.647
 54       0.637
 55       0.627
 56       0.617
 57       0.607
 58       0.597
 59       0.587
 60       0.577
 61       0.567
 62       0.557
 63       0.548
 64       0.538
 65       0.529
 66       0.519
 67       0.510
 68       0.501
 69       0.492
 70       0.482
 71       0.473
 72       0.464
 73       0.456
 74       0.447
 75       0.438
 76       0.429
 77       0.421
 78       0.412
 79       0.404
 80       0.395
 81       0.387
 82       0.379
 83       0.370
 84       0.362
 85       0.354
 86       0.346
 87       0.338
 88       0.330
 89       0.322
 90       0.314
 91       0.306
 92       0.298
 93       0.290
 94       0.282
 95       0.274
 96       0.266
 97       0.258
 98       0.250
 99       0.241
100       0.233
101       0.226
102       0.218
103       0.210
104       0.202
105       0.194
106       0.187
107       0.180
108       0.173
109       0.166
110       0.159
111       0.153
112       0.147
113       0.141
114       0.135
115       0.129
116       0.124
117       0.119
118       0.114
119       0.109
120       0.104
